#TopoPred_TM8: 8-state transmembrane topology prediction results by no_profile mode 
#probabilities are in the order of H E C I L F X _, the 8 transmembrane topology types used in PDBTM 
   1 S X   0.015 0.001 0.002 0.062 0.010 0.011 0.675 0.224 
   2 G X   0.005 0.000 0.000 0.038 0.002 0.006 0.693 0.254 
   3 F X   0.002 0.000 0.000 0.021 0.001 0.004 0.697 0.275 
   4 R X   0.001 0.000 0.000 0.014 0.001 0.004 0.692 0.287 
   5 K X   0.002 0.000 0.000 0.011 0.001 0.006 0.684 0.297 
   6 M X   0.003 0.000 0.000 0.008 0.001 0.008 0.671 0.309 
   7 A X   0.004 0.000 0.000 0.007 0.002 0.010 0.656 0.321 
   8 F X   0.007 0.000 0.000 0.007 0.002 0.013 0.638 0.334 
   9 P X   0.010 0.000 0.000 0.006 0.003 0.017 0.616 0.347 
  10 S X   0.016 0.000 0.001 0.007 0.004 0.022 0.590 0.360 
  11 G X   0.025 0.001 0.001 0.008 0.007 0.030 0.560 0.369 
  12 K X   0.040 0.001 0.001 0.009 0.011 0.040 0.527 0.372 
  13 V X   0.062 0.001 0.001 0.010 0.018 0.053 0.489 0.366 
  14 E X   0.089 0.002 0.002 0.011 0.029 0.066 0.450 0.351 
  15 G X   0.120 0.004 0.002 0.012 0.043 0.078 0.411 0.330 
  16 C X   0.149 0.007 0.003 0.015 0.056 0.088 0.376 0.307 
  17 M X   0.174 0.011 0.003 0.018 0.069 0.094 0.346 0.285 
  18 V X   0.194 0.016 0.003 0.022 0.078 0.097 0.321 0.270 
  19 Q X   0.208 0.020 0.003 0.025 0.083 0.097 0.301 0.263 
  20 V X   0.215 0.022 0.003 0.028 0.085 0.094 0.285 0.268 
  21 T _   0.216 0.024 0.003 0.028 0.083 0.090 0.273 0.284 
  22 C _   0.211 0.023 0.003 0.027 0.077 0.084 0.262 0.312 
  23 G _   0.200 0.022 0.003 0.025 0.068 0.077 0.254 0.351 
  24 T _   0.184 0.019 0.003 0.022 0.058 0.070 0.247 0.399 
  25 T _   0.163 0.015 0.002 0.018 0.045 0.062 0.241 0.453 
  26 T _   0.140 0.011 0.002 0.015 0.034 0.054 0.237 0.507 
  27 L _   0.117 0.008 0.002 0.012 0.024 0.047 0.233 0.557 
  28 N _   0.095 0.006 0.001 0.010 0.017 0.041 0.229 0.601 
  29 G _   0.076 0.005 0.001 0.008 0.013 0.036 0.226 0.636 
  30 L _   0.060 0.005 0.001 0.007 0.009 0.031 0.222 0.664 
  31 W _   0.048 0.004 0.001 0.007 0.008 0.028 0.219 0.685 
  32 L _   0.040 0.005 0.001 0.007 0.007 0.026 0.215 0.700 
  33 D _   0.033 0.006 0.001 0.007 0.007 0.025 0.211 0.711 
  34 D _   0.029 0.007 0.001 0.008 0.007 0.024 0.207 0.717 
  35 V _   0.026 0.010 0.001 0.010 0.008 0.024 0.202 0.719 
  36 V _   0.024 0.014 0.001 0.012 0.009 0.024 0.198 0.718 
  37 Y _   0.023 0.019 0.001 0.015 0.010 0.025 0.193 0.714 
  38 C _   0.022 0.025 0.001 0.019 0.012 0.025 0.189 0.707 
  39 P _   0.021 0.032 0.001 0.025 0.013 0.025 0.185 0.698 
  40 R _   0.020 0.039 0.001 0.030 0.014 0.025 0.181 0.690 
  41 H _   0.019 0.043 0.001 0.034 0.015 0.024 0.178 0.686 
  42 V _   0.018 0.046 0.001 0.037 0.014 0.022 0.176 0.686 
  43 I _   0.016 0.047 0.001 0.037 0.013 0.020 0.175 0.691 
  44 C _   0.015 0.046 0.001 0.035 0.011 0.018 0.174 0.701 
  45 T _   0.013 0.042 0.001 0.031 0.009 0.016 0.174 0.715 
  46 S _   0.011 0.037 0.001 0.025 0.007 0.013 0.174 0.732 
  47 E _   0.010 0.030 0.001 0.018 0.005 0.011 0.174 0.751 
  48 D _   0.008 0.023 0.001 0.013 0.004 0.009 0.174 0.769 
  49 M _   0.007 0.017 0.000 0.009 0.003 0.007 0.174 0.783 
  50 L _   0.006 0.013 0.000 0.006 0.002 0.006 0.173 0.793 
  51 N _   0.005 0.010 0.000 0.005 0.002 0.006 0.172 0.800 
  52 P _   0.005 0.009 0.000 0.004 0.002 0.006 0.170 0.804 
  53 N _   0.005 0.009 0.000 0.004 0.002 0.006 0.168 0.806 
  54 Y _   0.005 0.009 0.000 0.005 0.002 0.006 0.166 0.806 
  55 E _   0.005 0.011 0.000 0.007 0.002 0.007 0.163 0.805 
  56 D _   0.005 0.013 0.000 0.008 0.003 0.008 0.159 0.803 
  57 L _   0.006 0.016 0.000 0.010 0.003 0.009 0.155 0.801 
  58 L _   0.006 0.019 0.000 0.011 0.004 0.010 0.151 0.799 
  59 I _   0.006 0.022 0.000 0.012 0.004 0.010 0.147 0.798 
  60 R _   0.006 0.025 0.001 0.013 0.004 0.011 0.143 0.798 
  61 K _   0.006 0.028 0.001 0.013 0.004 0.012 0.138 0.798 
  62 S _   0.006 0.032 0.001 0.013 0.005 0.013 0.134 0.797 
  63 N _   0.007 0.036 0.001 0.013 0.005 0.014 0.130 0.795 
  64 H _   0.008 0.040 0.001 0.014 0.006 0.015 0.126 0.791 
  65 N _   0.009 0.045 0.001 0.015 0.006 0.017 0.122 0.785 
  66 F _   0.010 0.051 0.001 0.016 0.007 0.019 0.118 0.778 
  67 L _   0.011 0.057 0.001 0.017 0.008 0.021 0.115 0.771 
  68 V _   0.013 0.063 0.001 0.018 0.009 0.023 0.111 0.763 
  69 Q _   0.014 0.068 0.001 0.018 0.010 0.025 0.107 0.756 
  70 A _   0.016 0.074 0.001 0.019 0.011 0.027 0.104 0.749 
  71 G _   0.018 0.078 0.001 0.019 0.012 0.029 0.101 0.743 
  72 N _   0.020 0.083 0.001 0.018 0.013 0.031 0.098 0.736 
  73 V _   0.023 0.087 0.001 0.017 0.014 0.033 0.096 0.729 
  74 Q _   0.026 0.092 0.001 0.017 0.014 0.034 0.094 0.721 
  75 L _   0.029 0.097 0.001 0.017 0.015 0.036 0.092 0.713 
  76 R _   0.032 0.102 0.001 0.017 0.016 0.037 0.090 0.705 
  77 V _   0.033 0.107 0.001 0.017 0.017 0.038 0.088 0.698 
  78 I _   0.034 0.114 0.001 0.018 0.018 0.039 0.087 0.689 
  79 G _   0.035 0.120 0.001 0.019 0.019 0.039 0.085 0.680 
  80 H _   0.036 0.128 0.001 0.021 0.020 0.039 0.084 0.671 
  81 S _   0.036 0.136 0.001 0.024 0.021 0.039 0.083 0.660 
  82 M _   0.036 0.143 0.001 0.028 0.021 0.038 0.083 0.650 
  83 Q _   0.035 0.150 0.001 0.032 0.021 0.036 0.082 0.642 
  84 N _   0.033 0.154 0.001 0.036 0.021 0.034 0.082 0.638 
  85 C _   0.032 0.156 0.001 0.039 0.020 0.031 0.083 0.638 
  86 V _   0.029 0.155 0.001 0.040 0.018 0.028 0.084 0.644 
  87 L _   0.027 0.150 0.001 0.039 0.016 0.025 0.086 0.656 
  88 K _   0.024 0.140 0.001 0.036 0.013 0.022 0.088 0.676 
  89 L _   0.021 0.124 0.001 0.031 0.011 0.019 0.090 0.703 
  90 K _   0.018 0.103 0.001 0.025 0.008 0.016 0.093 0.735 
  91 V _   0.016 0.079 0.001 0.019 0.006 0.013 0.096 0.771 
  92 D _   0.013 0.058 0.001 0.013 0.004 0.011 0.098 0.803 
  93 T _   0.011 0.042 0.000 0.009 0.003 0.009 0.099 0.827 
  94 A _   0.009 0.031 0.000 0.006 0.002 0.007 0.100 0.844 
  95 N _   0.007 0.026 0.000 0.004 0.002 0.006 0.100 0.854 
  96 P _   0.006 0.024 0.000 0.004 0.001 0.006 0.100 0.859 
  97 K _   0.006 0.023 0.000 0.004 0.001 0.006 0.099 0.861 
  98 T _   0.006 0.025 0.000 0.004 0.002 0.007 0.097 0.859 
  99 P _   0.006 0.029 0.000 0.006 0.002 0.008 0.094 0.854 
 100 K _   0.007 0.038 0.000 0.008 0.003 0.010 0.091 0.842 
 101 Y _   0.007 0.054 0.001 0.011 0.004 0.012 0.087 0.824 
 102 K _   0.008 0.076 0.001 0.015 0.006 0.015 0.082 0.798 
 103 F _   0.008 0.104 0.001 0.019 0.007 0.017 0.077 0.767 
 104 V _   0.009 0.137 0.001 0.023 0.009 0.018 0.071 0.733 
 105 R _   0.009 0.170 0.001 0.025 0.010 0.020 0.065 0.699 
 106 I _   0.010 0.203 0.001 0.028 0.011 0.022 0.060 0.665 
 107 Q _   0.010 0.234 0.001 0.031 0.013 0.023 0.055 0.633 
 108 P _   0.010 0.262 0.001 0.034 0.015 0.024 0.050 0.604 
 109 G _   0.010 0.288 0.001 0.037 0.016 0.025 0.046 0.576 
 110 Q _   0.011 0.309 0.001 0.041 0.017 0.025 0.043 0.553 
 111 T _   0.011 0.324 0.001 0.045 0.017 0.025 0.041 0.536 
 112 F _   0.012 0.332 0.001 0.047 0.017 0.024 0.039 0.527 
 113 S _   0.012 0.335 0.001 0.048 0.017 0.023 0.037 0.528 
 114 V _   0.012 0.331 0.001 0.046 0.015 0.021 0.036 0.537 
 115 L _   0.012 0.321 0.001 0.041 0.014 0.020 0.036 0.555 
 116 A _   0.011 0.301 0.001 0.035 0.012 0.018 0.036 0.585 
 117 C _   0.011 0.273 0.001 0.027 0.010 0.017 0.035 0.625 
 118 Y _   0.011 0.240 0.001 0.020 0.008 0.016 0.035 0.669 
 119 N _   0.011 0.210 0.001 0.014 0.007 0.015 0.035 0.707 
 120 G _   0.010 0.189 0.001 0.010 0.005 0.015 0.035 0.734 
 121 S _   0.010 0.177 0.001 0.008 0.005 0.015 0.035 0.749 
 122 P _   0.011 0.172 0.001 0.008 0.005 0.016 0.034 0.754 
 123 S _   0.011 0.172 0.001 0.009 0.005 0.017 0.033 0.751 
 124 G _   0.012 0.176 0.001 0.012 0.007 0.018 0.032 0.743 
 125 V _   0.012 0.182 0.001 0.015 0.008 0.019 0.031 0.731 
 126 Y _   0.013 0.189 0.001 0.019 0.009 0.020 0.030 0.720 
 127 Q _   0.013 0.195 0.001 0.022 0.010 0.020 0.029 0.711 
 128 C _   0.012 0.198 0.001 0.023 0.010 0.020 0.028 0.707 
 129 A _   0.012 0.199 0.001 0.023 0.010 0.020 0.027 0.708 
 130 M _   0.011 0.198 0.001 0.022 0.010 0.019 0.026 0.713 
 131 R _   0.011 0.195 0.001 0.020 0.009 0.019 0.026 0.720 
 132 P _   0.011 0.191 0.001 0.018 0.009 0.019 0.025 0.727 
 133 N _   0.011 0.186 0.001 0.016 0.009 0.019 0.025 0.734 
 134 F _   0.011 0.183 0.001 0.015 0.008 0.019 0.025 0.739 
 135 T _   0.011 0.180 0.001 0.014 0.008 0.019 0.024 0.742 
 136 I _   0.012 0.179 0.001 0.014 0.008 0.019 0.024 0.743 
 137 K _   0.012 0.179 0.001 0.014 0.008 0.020 0.023 0.742 
 138 G _   0.013 0.180 0.001 0.015 0.009 0.020 0.023 0.739 
 139 S _   0.014 0.181 0.001 0.015 0.010 0.021 0.022 0.736 
 140 F _   0.014 0.184 0.001 0.016 0.010 0.022 0.022 0.731 
 141 L _   0.015 0.186 0.001 0.018 0.011 0.022 0.021 0.725 
 142 N _   0.015 0.189 0.001 0.020 0.012 0.023 0.021 0.719 
 143 G _   0.016 0.192 0.001 0.022 0.013 0.023 0.021 0.714 
 144 S _   0.016 0.194 0.001 0.024 0.013 0.023 0.020 0.709 
 145 C _   0.016 0.194 0.001 0.025 0.014 0.023 0.020 0.706 
 146 G _   0.016 0.193 0.001 0.026 0.013 0.023 0.020 0.708 
 147 S _   0.016 0.189 0.001 0.025 0.013 0.023 0.020 0.713 
 148 V _   0.016 0.183 0.001 0.024 0.012 0.022 0.020 0.722 
 149 G _   0.016 0.174 0.001 0.022 0.011 0.021 0.021 0.735 
 150 F _   0.015 0.163 0.001 0.018 0.010 0.021 0.021 0.751 
 151 N _   0.015 0.152 0.001 0.015 0.009 0.021 0.021 0.767 
 152 I _   0.014 0.142 0.001 0.012 0.008 0.021 0.021 0.781 
 153 D _   0.014 0.135 0.001 0.010 0.007 0.021 0.022 0.790 
 154 Y _   0.015 0.131 0.001 0.010 0.007 0.022 0.022 0.794 
 155 D _   0.016 0.130 0.001 0.010 0.008 0.023 0.022 0.792 
 156 C _   0.017 0.132 0.001 0.011 0.009 0.025 0.021 0.784 
 157 V _   0.019 0.138 0.001 0.014 0.011 0.027 0.021 0.769 
 158 S _   0.021 0.146 0.001 0.018 0.013 0.028 0.021 0.751 
 159 F _   0.022 0.156 0.001 0.023 0.016 0.029 0.021 0.732 
 160 C _   0.023 0.164 0.001 0.028 0.017 0.030 0.020 0.717 
 161 Y _   0.023 0.170 0.001 0.032 0.019 0.030 0.020 0.705 
 162 M _   0.023 0.173 0.001 0.034 0.019 0.029 0.020 0.700 
 163 H _   0.022 0.173 0.001 0.035 0.019 0.028 0.021 0.701 
 164 H _   0.022 0.169 0.001 0.034 0.018 0.027 0.021 0.709 
 165 M _   0.021 0.162 0.001 0.031 0.016 0.025 0.022 0.722 
 166 E _   0.020 0.152 0.001 0.028 0.014 0.023 0.023 0.739 
 167 L _   0.018 0.139 0.001 0.025 0.012 0.021 0.024 0.759 
 168 P _   0.017 0.125 0.001 0.022 0.010 0.019 0.025 0.781 
 169 T _   0.016 0.111 0.001 0.019 0.009 0.017 0.026 0.801 
 170 G _   0.014 0.098 0.001 0.017 0.008 0.016 0.027 0.820 
 171 V _   0.013 0.086 0.001 0.015 0.006 0.014 0.027 0.837 
 172 H _   0.012 0.076 0.001 0.013 0.006 0.013 0.028 0.851 
 173 A _   0.011 0.068 0.001 0.012 0.005 0.012 0.029 0.862 
 174 G _   0.010 0.061 0.001 0.011 0.005 0.011 0.029 0.872 
 175 T _   0.009 0.055 0.001 0.011 0.004 0.011 0.030 0.880 
 176 D _   0.008 0.051 0.001 0.010 0.004 0.010 0.030 0.886 
 177 L _   0.008 0.047 0.000 0.010 0.004 0.010 0.030 0.890 
 178 E _   0.008 0.044 0.000 0.010 0.004 0.010 0.030 0.892 
 179 G _   0.008 0.042 0.000 0.011 0.004 0.010 0.030 0.894 
 180 N _   0.008 0.041 0.001 0.012 0.004 0.010 0.030 0.895 
 181 F _   0.007 0.039 0.001 0.012 0.004 0.011 0.030 0.895 
 182 Y _   0.007 0.038 0.001 0.013 0.005 0.011 0.030 0.895 
 183 G _   0.007 0.037 0.001 0.014 0.005 0.011 0.030 0.895 
 184 P _   0.007 0.036 0.001 0.014 0.005 0.011 0.030 0.895 
 185 F _   0.007 0.034 0.001 0.015 0.005 0.012 0.030 0.895 
 186 V _   0.007 0.033 0.001 0.015 0.005 0.012 0.030 0.895 
 187 D _   0.008 0.031 0.001 0.016 0.006 0.013 0.030 0.896 
 188 R _   0.008 0.030 0.001 0.016 0.006 0.013 0.030 0.896 
 189 Q _   0.008 0.027 0.001 0.017 0.006 0.014 0.031 0.896 
 190 T _   0.009 0.025 0.001 0.016 0.006 0.014 0.031 0.898 
 191 A _   0.009 0.022 0.001 0.016 0.006 0.015 0.031 0.901 
 192 Q _   0.009 0.018 0.001 0.014 0.006 0.015 0.031 0.904 
 193 A _   0.010 0.015 0.001 0.013 0.006 0.016 0.032 0.908 
 194 A _   0.012 0.011 0.001 0.011 0.005 0.017 0.032 0.911 
 195 G _   0.015 0.008 0.001 0.009 0.005 0.019 0.032 0.912 
 196 T _   0.019 0.006 0.001 0.007 0.005 0.021 0.032 0.910 
 197 D _   0.025 0.004 0.001 0.006 0.006 0.025 0.032 0.902 
 198 T _   0.034 0.003 0.001 0.005 0.007 0.029 0.032 0.889 
 199 T _   0.048 0.003 0.001 0.005 0.010 0.036 0.032 0.866 
 200 I _   0.065 0.004 0.001 0.006 0.015 0.043 0.031 0.835 
 201 T _   0.085 0.006 0.001 0.008 0.022 0.052 0.031 0.795 
 202 V _   0.106 0.010 0.002 0.012 0.031 0.060 0.031 0.749 
 203 N _   0.125 0.016 0.002 0.018 0.041 0.067 0.030 0.701 
 204 A _   0.139 0.024 0.003 0.025 0.049 0.071 0.031 0.659 
 205 W _   0.149 0.031 0.003 0.031 0.054 0.073 0.031 0.628 
 206 L _   0.152 0.036 0.003 0.036 0.056 0.072 0.032 0.614 
 207 Y _   0.150 0.038 0.003 0.037 0.054 0.070 0.033 0.616 
 208 A _   0.144 0.037 0.003 0.035 0.049 0.066 0.035 0.632 
 209 A _   0.134 0.034 0.002 0.030 0.043 0.061 0.037 0.659 
 210 V _   0.122 0.030 0.002 0.024 0.035 0.055 0.039 0.694 
 211 I _   0.108 0.024 0.002 0.018 0.027 0.050 0.041 0.731 
 212 N _   0.094 0.019 0.001 0.013 0.020 0.045 0.043 0.765 
 213 G _   0.080 0.016 0.001 0.010 0.016 0.041 0.044 0.792 
 214 D _   0.069 0.014 0.001 0.009 0.013 0.037 0.046 0.811 
 215 R _   0.059 0.013 0.001 0.009 0.012 0.035 0.048 0.824 
 216 W _   0.051 0.013 0.001 0.010 0.011 0.032 0.049 0.832 
 217 F _   0.044 0.014 0.001 0.012 0.011 0.030 0.051 0.837 
 218 L _   0.037 0.015 0.001 0.014 0.011 0.028 0.052 0.841 
 219 N _   0.032 0.016 0.001 0.016 0.010 0.026 0.054 0.845 
 220 R _   0.027 0.017 0.001 0.017 0.010 0.024 0.055 0.850 
 221 F _   0.023 0.017 0.001 0.016 0.009 0.021 0.057 0.856 
 222 T _   0.019 0.017 0.001 0.015 0.008 0.019 0.058 0.862 
 223 T _   0.016 0.017 0.001 0.013 0.007 0.017 0.060 0.869 
 224 T _   0.014 0.016 0.001 0.012 0.006 0.016 0.061 0.874 
 225 L _   0.013 0.016 0.001 0.011 0.006 0.015 0.063 0.877 
 226 N _   0.012 0.016 0.001 0.011 0.005 0.014 0.064 0.877 
 227 D _   0.011 0.016 0.001 0.012 0.005 0.014 0.066 0.874 
 228 F _   0.012 0.017 0.001 0.014 0.006 0.014 0.067 0.870 
 229 N _   0.012 0.018 0.001 0.016 0.006 0.014 0.069 0.865 
 230 L _   0.012 0.019 0.001 0.018 0.007 0.014 0.070 0.860 
 231 V _   0.012 0.019 0.001 0.019 0.007 0.014 0.072 0.856 
 232 A _   0.012 0.019 0.001 0.020 0.007 0.013 0.074 0.854 
 233 M _   0.011 0.017 0.001 0.019 0.007 0.013 0.077 0.855 
 234 K _   0.011 0.016 0.001 0.017 0.006 0.012 0.079 0.859 
 235 Y _   0.010 0.013 0.001 0.015 0.005 0.011 0.082 0.864 
 236 N _   0.009 0.010 0.001 0.012 0.004 0.010 0.084 0.870 
 237 Y _   0.009 0.008 0.000 0.010 0.004 0.009 0.086 0.874 
 238 E _   0.008 0.005 0.000 0.008 0.003 0.008 0.089 0.878 
 239 P _   0.008 0.004 0.000 0.007 0.003 0.008 0.091 0.880 
 240 L _   0.007 0.003 0.000 0.006 0.003 0.007 0.093 0.882 
 241 T _   0.007 0.002 0.000 0.005 0.002 0.007 0.094 0.882 
 242 Q _   0.007 0.001 0.000 0.005 0.002 0.007 0.095 0.881 
 243 D _   0.008 0.001 0.000 0.005 0.002 0.008 0.096 0.880 
 244 H _   0.009 0.001 0.000 0.005 0.003 0.009 0.097 0.877 
 245 V _   0.011 0.001 0.000 0.005 0.003 0.010 0.097 0.873 
 246 D _   0.014 0.000 0.000 0.005 0.003 0.012 0.097 0.868 
 247 I _   0.021 0.000 0.000 0.005 0.003 0.014 0.097 0.859 
 248 L _   0.031 0.000 0.000 0.005 0.004 0.018 0.096 0.846 
 249 G _   0.047 0.000 0.001 0.005 0.006 0.023 0.095 0.824 
 250 P _   0.072 0.000 0.001 0.005 0.009 0.029 0.094 0.791 
 251 L _   0.107 0.000 0.001 0.005 0.013 0.036 0.092 0.746 
 252 S _   0.152 0.000 0.001 0.005 0.019 0.044 0.090 0.688 
 253 A _   0.205 0.000 0.002 0.006 0.027 0.052 0.089 0.619 
 254 Q _   0.257 0.001 0.002 0.007 0.037 0.060 0.088 0.550 
 255 T _   0.305 0.001 0.002 0.008 0.046 0.065 0.088 0.485 
 256 G _   0.346 0.002 0.002 0.009 0.053 0.067 0.088 0.432 
 257 I _   0.377 0.003 0.002 0.010 0.058 0.068 0.090 0.392 
 258 A H   0.397 0.003 0.003 0.012 0.060 0.066 0.093 0.366 
 259 V H   0.407 0.004 0.003 0.012 0.060 0.063 0.096 0.355 
 260 L H   0.405 0.004 0.003 0.012 0.058 0.060 0.101 0.357 
 261 D H   0.393 0.004 0.003 0.012 0.054 0.055 0.108 0.372 
 262 M _   0.371 0.003 0.002 0.011 0.048 0.050 0.115 0.400 
 263 C _   0.337 0.002 0.002 0.010 0.040 0.045 0.125 0.439 
 264 A _   0.296 0.002 0.002 0.009 0.032 0.040 0.135 0.484 
 265 S _   0.251 0.001 0.002 0.008 0.025 0.035 0.147 0.532 
 266 L _   0.205 0.001 0.001 0.007 0.018 0.030 0.160 0.578 
 267 K _   0.162 0.001 0.001 0.007 0.013 0.025 0.172 0.620 
 268 E _   0.124 0.000 0.001 0.006 0.009 0.021 0.183 0.656 
 269 L _   0.092 0.000 0.001 0.005 0.007 0.018 0.193 0.684 
 270 L _   0.069 0.000 0.001 0.004 0.005 0.016 0.202 0.703 
 271 Q _   0.051 0.000 0.001 0.004 0.004 0.014 0.209 0.717 
 272 N _   0.039 0.000 0.000 0.004 0.004 0.013 0.215 0.725 
 273 G _   0.031 0.001 0.000 0.004 0.004 0.013 0.221 0.727 
 274 M _   0.026 0.001 0.000 0.004 0.004 0.014 0.226 0.724 
 275 N _   0.024 0.002 0.001 0.005 0.005 0.015 0.232 0.717 
 276 G _   0.022 0.004 0.001 0.007 0.006 0.016 0.237 0.706 
 277 R _   0.022 0.008 0.001 0.010 0.007 0.018 0.242 0.692 
 278 T _   0.021 0.013 0.001 0.013 0.009 0.020 0.248 0.676 
 279 I _   0.021 0.018 0.001 0.017 0.010 0.021 0.254 0.658 
 280 L _   0.020 0.023 0.001 0.021 0.012 0.022 0.260 0.641 
 281 G _   0.019 0.027 0.001 0.023 0.012 0.022 0.267 0.627 
 282 S _   0.019 0.031 0.001 0.025 0.012 0.022 0.275 0.616 
 283 A _   0.018 0.032 0.001 0.024 0.012 0.021 0.285 0.607 
 284 L _   0.017 0.033 0.001 0.022 0.011 0.020 0.294 0.601 
 285 L _   0.016 0.033 0.001 0.019 0.009 0.019 0.305 0.597 
 286 E _   0.015 0.032 0.001 0.016 0.008 0.018 0.316 0.593 
 287 D _   0.014 0.031 0.001 0.014 0.007 0.017 0.327 0.589 
 288 E _   0.013 0.030 0.001 0.011 0.006 0.017 0.339 0.583 
 289 F _   0.013 0.030 0.001 0.010 0.006 0.017 0.349 0.576 
 290 T _   0.014 0.030 0.001 0.009 0.005 0.017 0.360 0.565 
 291 P _   0.014 0.032 0.001 0.009 0.006 0.017 0.370 0.551 
 292 F _   0.015 0.035 0.001 0.010 0.006 0.018 0.380 0.534 
 293 D _   0.016 0.039 0.001 0.012 0.007 0.019 0.390 0.515 
 294 V _   0.017 0.045 0.001 0.015 0.009 0.020 0.401 0.493 
 295 V _   0.017 0.052 0.001 0.018 0.010 0.020 0.412 0.471 
 296 R _   0.016 0.058 0.001 0.022 0.011 0.019 0.423 0.451 
 297 Q _   0.013 0.064 0.001 0.024 0.011 0.018 0.434 0.435 
 298 C X   0.011 0.067 0.001 0.026 0.010 0.015 0.447 0.423 
 299 S X   0.008 0.069 0.001 0.025 0.008 0.011 0.461 0.416 
 300 G X   0.005 0.068 0.001 0.022 0.005 0.007 0.477 0.416 
 301 V X   0.002 0.063 0.000 0.016 0.001 0.003 0.490 0.424 
 302 T X   0.001 0.057 0.000 0.010 0.000 0.001 0.495 0.435 
 303 F X   0.001 0.052 0.000 0.010 0.000 0.001 0.495 0.441 
 304 Q X   0.004 0.050 0.001 0.017 0.004 0.004 0.485 0.436 
