#TopoPred_TM8: 8-state transmembrane topology prediction results by no_profile mode 
#probabilities are in the order of H E C I L F X _, the 8 transmembrane topology types used in PDBTM 
   1 S X   0.017 0.001 0.003 0.072 0.011 0.013 0.609 0.274 
   2 G X   0.007 0.001 0.000 0.046 0.003 0.007 0.625 0.312 
   3 F X   0.002 0.000 0.000 0.026 0.001 0.005 0.627 0.339 
   4 R X   0.002 0.000 0.000 0.017 0.001 0.005 0.621 0.354 
   5 K X   0.002 0.000 0.000 0.013 0.001 0.006 0.610 0.367 
   6 M X   0.004 0.000 0.000 0.010 0.002 0.008 0.594 0.381 
   7 A X   0.007 0.000 0.000 0.008 0.002 0.010 0.575 0.396 
   8 F X   0.013 0.000 0.000 0.008 0.003 0.013 0.551 0.412 
   9 P X   0.022 0.000 0.001 0.007 0.003 0.017 0.523 0.427 
  10 S X   0.037 0.000 0.001 0.007 0.005 0.022 0.488 0.439 
  11 G X   0.063 0.000 0.001 0.007 0.008 0.029 0.448 0.444 
  12 K _   0.104 0.000 0.001 0.007 0.013 0.038 0.401 0.435 
  13 V _   0.162 0.000 0.002 0.007 0.020 0.048 0.350 0.411 
  14 E _   0.231 0.000 0.002 0.006 0.029 0.058 0.300 0.373 
  15 G _   0.304 0.000 0.002 0.006 0.041 0.066 0.253 0.327 
  16 C H   0.371 0.000 0.003 0.006 0.051 0.072 0.216 0.281 
  17 M H   0.426 0.001 0.003 0.006 0.060 0.074 0.188 0.242 
  18 V H   0.467 0.001 0.003 0.007 0.066 0.074 0.168 0.214 
  19 Q H   0.494 0.001 0.003 0.008 0.070 0.072 0.154 0.198 
  20 V H   0.509 0.002 0.003 0.009 0.071 0.069 0.143 0.194 
  21 I H   0.512 0.002 0.003 0.010 0.070 0.065 0.135 0.203 
  22 C H   0.504 0.002 0.003 0.010 0.067 0.061 0.129 0.225 
  23 G H   0.482 0.002 0.003 0.010 0.061 0.056 0.125 0.262 
  24 T H   0.447 0.002 0.003 0.009 0.054 0.051 0.121 0.313 
  25 T H   0.401 0.001 0.002 0.008 0.044 0.047 0.119 0.378 
  26 T _   0.347 0.001 0.002 0.007 0.034 0.042 0.118 0.449 
  27 L _   0.288 0.001 0.002 0.006 0.025 0.037 0.117 0.524 
  28 N _   0.231 0.000 0.001 0.006 0.018 0.033 0.116 0.594 
  29 G _   0.181 0.000 0.001 0.005 0.013 0.030 0.116 0.654 
  30 L _   0.139 0.001 0.001 0.005 0.010 0.027 0.115 0.702 
  31 W _   0.107 0.001 0.001 0.005 0.008 0.025 0.114 0.739 
  32 L _   0.083 0.001 0.001 0.006 0.007 0.024 0.113 0.766 
  33 D _   0.065 0.002 0.001 0.006 0.007 0.023 0.112 0.784 
  34 D _   0.053 0.003 0.001 0.007 0.007 0.023 0.110 0.795 
  35 V _   0.044 0.006 0.001 0.009 0.008 0.023 0.109 0.801 
  36 V _   0.037 0.010 0.001 0.012 0.009 0.024 0.107 0.800 
  37 Y _   0.033 0.016 0.001 0.015 0.011 0.025 0.105 0.796 
  38 C _   0.029 0.022 0.001 0.020 0.013 0.026 0.103 0.787 
  39 P _   0.027 0.030 0.001 0.025 0.014 0.026 0.101 0.776 
  40 R _   0.025 0.037 0.001 0.031 0.015 0.025 0.099 0.766 
  41 H _   0.023 0.042 0.001 0.035 0.015 0.024 0.098 0.761 
  42 V _   0.020 0.045 0.001 0.038 0.015 0.023 0.097 0.759 
  43 I _   0.018 0.047 0.001 0.039 0.014 0.021 0.097 0.763 
  44 C _   0.016 0.046 0.001 0.036 0.012 0.019 0.098 0.773 
  45 T _   0.014 0.042 0.001 0.031 0.010 0.016 0.098 0.787 
  46 S _   0.012 0.037 0.001 0.025 0.007 0.014 0.099 0.804 
  47 E _   0.010 0.031 0.001 0.019 0.006 0.011 0.100 0.823 
  48 D _   0.009 0.024 0.001 0.013 0.004 0.009 0.101 0.840 
  49 M _   0.007 0.018 0.000 0.009 0.003 0.008 0.101 0.853 
  50 F _   0.006 0.014 0.000 0.006 0.002 0.007 0.101 0.863 
  51 N _   0.006 0.012 0.000 0.005 0.002 0.006 0.101 0.868 
  52 P _   0.005 0.011 0.000 0.005 0.002 0.006 0.100 0.871 
  53 N _   0.005 0.011 0.000 0.005 0.002 0.006 0.099 0.871 
  54 Y _   0.005 0.012 0.000 0.006 0.002 0.007 0.098 0.869 
  55 E _   0.006 0.014 0.000 0.008 0.003 0.008 0.096 0.866 
  56 D _   0.006 0.017 0.000 0.009 0.003 0.008 0.094 0.862 
  57 L _   0.006 0.020 0.000 0.011 0.004 0.009 0.092 0.858 
  58 L _   0.006 0.024 0.000 0.012 0.004 0.010 0.089 0.854 
  59 I _   0.006 0.027 0.001 0.013 0.004 0.010 0.087 0.852 
  60 R _   0.006 0.030 0.001 0.013 0.004 0.011 0.085 0.850 
  61 K _   0.006 0.033 0.001 0.013 0.005 0.012 0.082 0.848 
  62 S _   0.006 0.037 0.001 0.013 0.005 0.013 0.080 0.846 
  63 N _   0.007 0.040 0.001 0.013 0.005 0.014 0.078 0.842 
  64 H _   0.008 0.044 0.001 0.013 0.006 0.015 0.075 0.837 
  65 N _   0.009 0.049 0.001 0.014 0.006 0.017 0.073 0.830 
  66 F _   0.010 0.055 0.001 0.016 0.007 0.019 0.071 0.821 
  67 L _   0.012 0.061 0.001 0.017 0.008 0.021 0.069 0.811 
  68 V _   0.013 0.067 0.001 0.018 0.009 0.023 0.067 0.802 
  69 Q _   0.015 0.073 0.001 0.019 0.010 0.025 0.065 0.793 
  70 A _   0.016 0.078 0.001 0.019 0.011 0.027 0.063 0.785 
  71 G _   0.018 0.083 0.001 0.019 0.012 0.029 0.061 0.777 
  72 N _   0.020 0.087 0.001 0.019 0.013 0.031 0.060 0.769 
  73 V _   0.023 0.091 0.001 0.018 0.013 0.033 0.058 0.762 
  74 Q _   0.027 0.095 0.001 0.017 0.014 0.035 0.057 0.753 
  75 L _   0.030 0.099 0.001 0.016 0.015 0.037 0.056 0.745 
  76 R _   0.033 0.103 0.001 0.016 0.015 0.039 0.056 0.737 
  77 V _   0.035 0.108 0.001 0.016 0.016 0.041 0.055 0.728 
  78 I _   0.037 0.114 0.001 0.016 0.017 0.042 0.054 0.718 
  79 G _   0.039 0.121 0.001 0.016 0.019 0.043 0.053 0.707 
  80 H _   0.041 0.129 0.001 0.018 0.021 0.044 0.053 0.693 
  81 S _   0.043 0.140 0.002 0.021 0.023 0.045 0.052 0.675 
  82 M _   0.044 0.153 0.002 0.025 0.025 0.045 0.052 0.656 
  83 Q _   0.044 0.165 0.002 0.030 0.026 0.044 0.051 0.637 
  84 N _   0.043 0.176 0.002 0.036 0.027 0.042 0.052 0.622 
  85 C _   0.042 0.185 0.002 0.042 0.026 0.039 0.052 0.613 
  86 V _   0.039 0.189 0.002 0.047 0.025 0.036 0.053 0.610 
  87 L _   0.036 0.188 0.002 0.048 0.022 0.032 0.055 0.617 
  88 R _   0.032 0.182 0.002 0.047 0.019 0.028 0.057 0.633 
  89 F _   0.028 0.168 0.001 0.042 0.016 0.024 0.059 0.660 
  90 R _   0.024 0.147 0.001 0.035 0.013 0.021 0.062 0.697 
  91 V _   0.020 0.117 0.001 0.027 0.009 0.017 0.066 0.743 
  92 D _   0.016 0.086 0.001 0.019 0.007 0.014 0.068 0.789 
  93 T _   0.013 0.060 0.001 0.012 0.004 0.011 0.071 0.827 
  94 A _   0.010 0.042 0.000 0.008 0.003 0.009 0.072 0.855 
  95 N _   0.008 0.033 0.000 0.005 0.002 0.007 0.073 0.871 
  96 P _   0.007 0.028 0.000 0.004 0.002 0.007 0.074 0.879 
  97 K _   0.006 0.027 0.000 0.003 0.001 0.007 0.073 0.882 
  98 T _   0.006 0.028 0.000 0.004 0.002 0.007 0.072 0.881 
  99 P _   0.006 0.032 0.000 0.005 0.002 0.008 0.071 0.876 
 100 K _   0.007 0.040 0.000 0.007 0.003 0.010 0.069 0.864 
 101 Y _   0.007 0.054 0.001 0.011 0.004 0.012 0.066 0.845 
 102 K _   0.008 0.076 0.001 0.015 0.006 0.015 0.062 0.818 
 103 F _   0.009 0.105 0.001 0.018 0.007 0.017 0.058 0.785 
 104 V _   0.009 0.138 0.001 0.022 0.008 0.018 0.054 0.749 
 105 R _   0.009 0.171 0.001 0.025 0.010 0.020 0.050 0.713 
 106 I _   0.010 0.205 0.001 0.028 0.011 0.021 0.046 0.678 
 107 Q _   0.010 0.236 0.001 0.030 0.013 0.023 0.042 0.645 
 108 P _   0.010 0.264 0.001 0.033 0.014 0.024 0.039 0.615 
 109 G _   0.010 0.290 0.001 0.037 0.016 0.024 0.036 0.586 
 110 Q _   0.011 0.310 0.001 0.041 0.017 0.024 0.034 0.562 
 111 T _   0.011 0.325 0.001 0.044 0.017 0.024 0.032 0.545 
 112 F _   0.012 0.334 0.001 0.047 0.017 0.024 0.030 0.536 
 113 S _   0.012 0.336 0.001 0.047 0.016 0.023 0.029 0.535 
 114 V _   0.012 0.333 0.001 0.045 0.015 0.021 0.029 0.544 
 115 L _   0.012 0.322 0.001 0.041 0.014 0.020 0.029 0.562 
 116 A _   0.011 0.302 0.001 0.035 0.012 0.018 0.029 0.591 
 117 C _   0.011 0.274 0.001 0.027 0.010 0.017 0.029 0.631 
 118 Y _   0.011 0.241 0.001 0.020 0.008 0.016 0.029 0.674 
 119 N _   0.011 0.211 0.001 0.014 0.007 0.015 0.029 0.712 
 120 G _   0.010 0.190 0.001 0.010 0.005 0.015 0.029 0.740 
 121 S _   0.010 0.178 0.001 0.008 0.005 0.015 0.029 0.754 
 122 P _   0.010 0.173 0.001 0.008 0.005 0.016 0.029 0.759 
 123 S _   0.011 0.173 0.001 0.009 0.005 0.017 0.028 0.756 
 124 G _   0.012 0.176 0.001 0.012 0.006 0.018 0.028 0.748 
 125 V _   0.012 0.182 0.001 0.015 0.008 0.019 0.027 0.736 
 126 Y _   0.013 0.189 0.001 0.019 0.009 0.020 0.026 0.724 
 127 Q _   0.013 0.195 0.001 0.022 0.010 0.020 0.025 0.715 
 128 C _   0.012 0.199 0.001 0.023 0.010 0.020 0.024 0.711 
 129 A _   0.012 0.200 0.001 0.023 0.010 0.020 0.024 0.711 
 130 M _   0.011 0.198 0.001 0.022 0.010 0.019 0.023 0.716 
 131 R _   0.011 0.195 0.001 0.020 0.009 0.019 0.023 0.723 
 132 P _   0.011 0.191 0.001 0.018 0.009 0.019 0.022 0.730 
 133 N _   0.011 0.187 0.001 0.016 0.008 0.019 0.022 0.737 
 134 F _   0.011 0.183 0.001 0.015 0.008 0.019 0.022 0.742 
 135 T _   0.011 0.181 0.001 0.014 0.008 0.019 0.021 0.745 
 136 I _   0.012 0.179 0.001 0.014 0.008 0.019 0.021 0.745 
 137 K _   0.012 0.179 0.001 0.014 0.008 0.020 0.021 0.744 
 138 G _   0.013 0.180 0.001 0.015 0.009 0.020 0.021 0.742 
 139 S _   0.014 0.182 0.001 0.015 0.009 0.021 0.020 0.738 
 140 F _   0.014 0.184 0.001 0.016 0.010 0.022 0.020 0.733 
 141 L _   0.015 0.187 0.001 0.018 0.011 0.022 0.019 0.727 
 142 N _   0.015 0.190 0.001 0.020 0.012 0.023 0.019 0.721 
 143 G _   0.016 0.192 0.001 0.022 0.013 0.023 0.019 0.715 
 144 S _   0.016 0.194 0.001 0.023 0.013 0.023 0.019 0.710 
 145 C _   0.016 0.194 0.001 0.025 0.013 0.023 0.019 0.708 
 146 G _   0.016 0.193 0.001 0.026 0.013 0.023 0.019 0.709 
 147 S _   0.016 0.189 0.001 0.025 0.013 0.023 0.019 0.714 
 148 V _   0.016 0.183 0.001 0.024 0.012 0.022 0.019 0.723 
 149 G _   0.016 0.174 0.001 0.022 0.011 0.021 0.019 0.736 
 150 F _   0.015 0.163 0.001 0.018 0.010 0.021 0.020 0.752 
 151 N _   0.015 0.152 0.001 0.015 0.009 0.021 0.020 0.768 
 152 I _   0.014 0.142 0.001 0.012 0.008 0.021 0.020 0.782 
 153 D _   0.014 0.135 0.001 0.010 0.007 0.021 0.020 0.791 
 154 Y _   0.015 0.131 0.001 0.010 0.007 0.022 0.020 0.795 
 155 D _   0.015 0.130 0.001 0.010 0.008 0.023 0.020 0.793 
 156 C _   0.017 0.132 0.001 0.011 0.009 0.025 0.020 0.785 
 157 V _   0.019 0.138 0.001 0.014 0.011 0.027 0.020 0.770 
 158 S _   0.021 0.146 0.001 0.018 0.013 0.028 0.020 0.752 
 159 F _   0.022 0.156 0.001 0.023 0.016 0.029 0.020 0.734 
 160 C _   0.022 0.164 0.001 0.028 0.017 0.030 0.020 0.718 
 161 Y _   0.023 0.170 0.001 0.032 0.019 0.030 0.020 0.706 
 162 M _   0.023 0.173 0.001 0.034 0.019 0.029 0.020 0.701 
 163 H _   0.022 0.173 0.001 0.035 0.019 0.028 0.020 0.702 
 164 H _   0.022 0.169 0.001 0.034 0.018 0.027 0.020 0.710 
 165 M _   0.021 0.162 0.001 0.031 0.016 0.025 0.021 0.722 
 166 E _   0.020 0.152 0.001 0.028 0.014 0.023 0.022 0.739 
 167 L _   0.018 0.139 0.001 0.025 0.012 0.021 0.023 0.760 
 168 P _   0.017 0.125 0.001 0.022 0.010 0.019 0.024 0.781 
 169 T _   0.016 0.111 0.001 0.019 0.009 0.017 0.025 0.802 
 170 G _   0.014 0.098 0.001 0.017 0.008 0.016 0.026 0.821 
 171 V _   0.013 0.086 0.001 0.015 0.006 0.014 0.027 0.837 
 172 H _   0.012 0.076 0.001 0.013 0.006 0.013 0.028 0.851 
 173 A _   0.011 0.068 0.001 0.012 0.005 0.012 0.028 0.863 
 174 G _   0.010 0.061 0.001 0.011 0.005 0.011 0.029 0.873 
 175 T _   0.009 0.055 0.001 0.011 0.004 0.011 0.029 0.881 
 176 D _   0.008 0.050 0.001 0.010 0.004 0.010 0.030 0.886 
 177 L _   0.008 0.047 0.000 0.010 0.004 0.010 0.030 0.890 
 178 E _   0.008 0.044 0.000 0.010 0.004 0.010 0.030 0.893 
 179 G _   0.008 0.042 0.000 0.011 0.004 0.010 0.030 0.894 
 180 N _   0.008 0.040 0.001 0.012 0.004 0.010 0.030 0.895 
 181 F _   0.007 0.039 0.001 0.012 0.004 0.011 0.030 0.896 
 182 Y _   0.007 0.038 0.001 0.013 0.005 0.011 0.030 0.896 
 183 G _   0.007 0.037 0.001 0.014 0.005 0.011 0.030 0.896 
 184 P _   0.007 0.035 0.001 0.014 0.005 0.011 0.030 0.896 
 185 F _   0.007 0.034 0.001 0.015 0.005 0.012 0.030 0.896 
 186 V _   0.007 0.033 0.001 0.015 0.005 0.012 0.030 0.896 
 187 D _   0.008 0.031 0.001 0.016 0.006 0.013 0.030 0.896 
 188 R _   0.008 0.029 0.001 0.016 0.006 0.013 0.030 0.896 
 189 Q _   0.008 0.027 0.001 0.017 0.006 0.014 0.030 0.897 
 190 T _   0.009 0.025 0.001 0.016 0.006 0.014 0.031 0.899 
 191 A _   0.009 0.022 0.001 0.016 0.006 0.015 0.031 0.901 
 192 Q _   0.009 0.018 0.001 0.014 0.006 0.015 0.031 0.905 
 193 A _   0.010 0.015 0.001 0.013 0.006 0.016 0.031 0.909 
 194 A _   0.012 0.011 0.001 0.011 0.005 0.017 0.032 0.912 
 195 G _   0.014 0.008 0.001 0.009 0.005 0.019 0.032 0.913 
 196 T _   0.018 0.005 0.001 0.007 0.005 0.021 0.032 0.911 
 197 D _   0.024 0.004 0.001 0.006 0.006 0.024 0.032 0.904 
 198 T _   0.033 0.003 0.001 0.005 0.007 0.029 0.032 0.890 
 199 T _   0.047 0.002 0.001 0.005 0.010 0.035 0.032 0.868 
 200 I _   0.064 0.003 0.001 0.006 0.014 0.043 0.031 0.838 
 201 T _   0.083 0.004 0.001 0.008 0.021 0.051 0.031 0.800 
 202 V _   0.104 0.007 0.002 0.012 0.030 0.059 0.030 0.756 
 203 N _   0.122 0.011 0.002 0.018 0.039 0.066 0.030 0.711 
 204 A _   0.137 0.016 0.002 0.025 0.046 0.070 0.031 0.672 
 205 W _   0.148 0.020 0.003 0.031 0.051 0.072 0.031 0.644 
 206 L _   0.152 0.022 0.003 0.034 0.052 0.072 0.032 0.633 
 207 Y _   0.151 0.022 0.003 0.034 0.049 0.070 0.033 0.637 
 208 A _   0.147 0.021 0.002 0.031 0.044 0.066 0.035 0.653 
 209 A _   0.140 0.017 0.002 0.024 0.037 0.062 0.036 0.681 
 210 V _   0.131 0.012 0.002 0.017 0.029 0.057 0.038 0.713 
 211 I _   0.121 0.008 0.001 0.011 0.022 0.053 0.040 0.744 
 212 N _   0.111 0.005 0.001 0.007 0.017 0.050 0.041 0.768 
 213 G _   0.102 0.003 0.001 0.005 0.014 0.047 0.042 0.784 
 214 D _   0.096 0.003 0.001 0.005 0.013 0.047 0.044 0.791 
 215 R _   0.092 0.004 0.001 0.006 0.014 0.047 0.045 0.791 
 216 W _   0.088 0.006 0.001 0.009 0.017 0.047 0.046 0.786 
 217 F _   0.084 0.009 0.001 0.014 0.020 0.047 0.048 0.778 
 218 L _   0.078 0.013 0.002 0.019 0.022 0.046 0.050 0.770 
 219 N _   0.071 0.017 0.002 0.025 0.023 0.044 0.052 0.767 
 220 F _   0.064 0.020 0.002 0.029 0.023 0.041 0.054 0.769 
 221 F _   0.056 0.021 0.002 0.029 0.021 0.037 0.057 0.779 
 222 T _   0.048 0.020 0.001 0.026 0.018 0.033 0.059 0.794 
 223 T _   0.040 0.019 0.001 0.022 0.014 0.029 0.062 0.813 
 224 T _   0.033 0.016 0.001 0.017 0.011 0.025 0.065 0.831 
 225 L _   0.028 0.014 0.001 0.013 0.009 0.022 0.068 0.847 
 226 N _   0.023 0.012 0.001 0.010 0.007 0.020 0.070 0.857 
 227 D _   0.020 0.011 0.001 0.009 0.006 0.018 0.073 0.863 
 228 F _   0.019 0.010 0.001 0.009 0.005 0.017 0.075 0.864 
 229 N _   0.018 0.011 0.001 0.010 0.006 0.016 0.077 0.861 
 230 L _   0.017 0.011 0.001 0.012 0.006 0.016 0.080 0.856 
 231 V _   0.017 0.012 0.001 0.015 0.007 0.016 0.082 0.851 
 232 A _   0.016 0.013 0.001 0.017 0.007 0.016 0.084 0.846 
 233 M _   0.015 0.013 0.001 0.019 0.007 0.015 0.087 0.843 
 234 K _   0.014 0.013 0.001 0.019 0.007 0.014 0.089 0.843 
 235 Y _   0.013 0.012 0.001 0.017 0.007 0.013 0.092 0.845 
 236 R _   0.012 0.010 0.001 0.015 0.006 0.012 0.095 0.849 
 237 Y _   0.011 0.009 0.001 0.013 0.005 0.011 0.098 0.853 
 238 E _   0.010 0.007 0.001 0.011 0.004 0.010 0.101 0.857 
 239 P _   0.009 0.005 0.000 0.008 0.003 0.009 0.104 0.861 
 240 L _   0.008 0.003 0.000 0.007 0.003 0.008 0.107 0.863 
 241 T _   0.007 0.002 0.000 0.006 0.003 0.008 0.110 0.864 
 242 Q _   0.007 0.002 0.000 0.005 0.002 0.007 0.112 0.864 
 243 D _   0.007 0.001 0.000 0.005 0.002 0.008 0.114 0.863 
 244 H _   0.007 0.001 0.000 0.005 0.002 0.008 0.116 0.861 
 245 V _   0.008 0.001 0.000 0.005 0.003 0.009 0.117 0.858 
 246 D _   0.009 0.001 0.000 0.005 0.003 0.010 0.118 0.854 
 247 I _   0.012 0.001 0.000 0.005 0.003 0.012 0.119 0.848 
 248 L _   0.016 0.000 0.000 0.005 0.004 0.015 0.119 0.840 
 249 G _   0.023 0.000 0.001 0.005 0.005 0.019 0.119 0.828 
 250 P _   0.033 0.001 0.001 0.006 0.006 0.024 0.119 0.810 
 251 L _   0.048 0.001 0.001 0.006 0.009 0.030 0.119 0.786 
 252 S _   0.069 0.001 0.001 0.006 0.013 0.037 0.119 0.754 
 253 A _   0.095 0.001 0.001 0.007 0.018 0.045 0.118 0.714 
 254 Q _   0.124 0.001 0.001 0.008 0.025 0.053 0.119 0.668 
 255 T _   0.154 0.002 0.002 0.009 0.033 0.060 0.119 0.620 
 256 G _   0.183 0.003 0.002 0.011 0.040 0.066 0.120 0.575 
 257 I _   0.207 0.004 0.002 0.012 0.047 0.069 0.122 0.537 
 258 A _   0.226 0.005 0.002 0.014 0.051 0.070 0.125 0.506 
 259 V _   0.239 0.006 0.002 0.015 0.053 0.070 0.129 0.485 
 260 V _   0.244 0.007 0.002 0.016 0.054 0.068 0.135 0.475 
 261 D _   0.242 0.007 0.002 0.016 0.052 0.064 0.141 0.475 
 262 M _   0.232 0.007 0.002 0.016 0.048 0.060 0.148 0.486 
 263 C _   0.215 0.006 0.002 0.016 0.042 0.054 0.157 0.507 
 264 A _   0.193 0.005 0.002 0.015 0.035 0.049 0.167 0.534 
 265 S _   0.167 0.004 0.002 0.014 0.028 0.043 0.178 0.564 
 266 L _   0.139 0.003 0.002 0.012 0.021 0.037 0.189 0.597 
 267 K _   0.112 0.002 0.001 0.010 0.015 0.031 0.200 0.628 
 268 E _   0.088 0.002 0.001 0.008 0.011 0.026 0.211 0.654 
 269 L _   0.067 0.001 0.001 0.006 0.008 0.021 0.220 0.676 
 270 L _   0.051 0.001 0.001 0.005 0.005 0.018 0.228 0.691 
 271 Q _   0.039 0.001 0.001 0.004 0.004 0.016 0.234 0.702 
 272 N _   0.030 0.001 0.000 0.004 0.004 0.014 0.240 0.707 
 273 G _   0.025 0.001 0.000 0.004 0.003 0.014 0.246 0.708 
 274 M _   0.022 0.001 0.000 0.004 0.004 0.014 0.251 0.704 
 275 N _   0.020 0.002 0.000 0.005 0.004 0.015 0.255 0.697 
 276 G _   0.020 0.005 0.001 0.007 0.005 0.016 0.260 0.686 
 277 R _   0.020 0.008 0.001 0.010 0.007 0.018 0.265 0.672 
 278 T _   0.020 0.012 0.001 0.013 0.008 0.019 0.270 0.656 
 279 I _   0.019 0.018 0.001 0.017 0.010 0.021 0.276 0.638 
 280 L _   0.019 0.023 0.001 0.020 0.011 0.021 0.282 0.622 
 281 G _   0.018 0.027 0.001 0.023 0.012 0.022 0.289 0.608 
 282 S _   0.018 0.030 0.001 0.024 0.012 0.021 0.297 0.597 
 283 A _   0.017 0.032 0.001 0.024 0.011 0.021 0.305 0.589 
 284 L _   0.016 0.033 0.001 0.022 0.010 0.020 0.315 0.583 
 285 L _   0.015 0.032 0.001 0.019 0.009 0.019 0.325 0.579 
 286 E _   0.014 0.031 0.001 0.016 0.008 0.018 0.336 0.576 
 287 D _   0.013 0.030 0.001 0.013 0.007 0.017 0.347 0.572 
 288 E _   0.013 0.030 0.001 0.011 0.006 0.016 0.358 0.566 
 289 F _   0.013 0.029 0.001 0.009 0.005 0.016 0.368 0.559 
 290 T _   0.013 0.030 0.001 0.009 0.005 0.016 0.378 0.549 
 291 P _   0.014 0.031 0.001 0.009 0.006 0.017 0.388 0.535 
 292 F _   0.015 0.034 0.001 0.010 0.006 0.018 0.398 0.519 
 293 D _   0.016 0.038 0.001 0.012 0.007 0.019 0.408 0.500 
 294 V _   0.016 0.044 0.001 0.015 0.008 0.019 0.418 0.478 
 295 V _   0.016 0.051 0.001 0.018 0.009 0.019 0.428 0.457 
 296 R X   0.015 0.057 0.001 0.021 0.010 0.019 0.439 0.438 
 297 Q X   0.013 0.062 0.001 0.024 0.010 0.017 0.450 0.423 
 298 C X   0.011 0.066 0.001 0.025 0.010 0.015 0.462 0.411 
 299 S X   0.008 0.067 0.001 0.025 0.008 0.011 0.476 0.405 
 300 G X   0.005 0.066 0.001 0.021 0.005 0.007 0.491 0.405 
 301 V X   0.002 0.062 0.000 0.015 0.001 0.003 0.504 0.412 
 302 T X   0.001 0.056 0.000 0.010 0.000 0.001 0.509 0.423 
 303 F X   0.001 0.051 0.000 0.010 0.000 0.001 0.508 0.429 
 304 Q X   0.004 0.048 0.001 0.017 0.004 0.004 0.498 0.424 
